662
360
71
805
677
862
780
680
92
539
811
846
855
379
230
969
959
976
92
579
809
664
482
881
492
934
650
38
8
106
654
385
21
793
865
220
349
872
566
11
652
394
156
303
733
392
921
203
691
797
778
104
890
870
706
58
817
411
238
69
310
188
848
294
408
948
677
931
217
934
249
587
638
74
773
118
194
428
917
346
375
66
785
107
475
844
885
474
925
826
640
190
823
498
746
353
212
33
164
398
949
213
325
777
390
904
853
998
634
810
325
957
503
264
670
597
165
457
612
904
691
336
618
837
265
489
345
909
462
154
106
438
467
563
44
758
464
941
383
249
500
445
18
995
911
116
929
765
647
226
8
151
118
140
273
823
661
454
527
968
83
983
492
166
762
339
971
340
304
761
620
573
550
878
148
572
25
978
259
624
373
115
236
537
758
934
697
62
159
167
522
873
812
529
393
374
716
380
109
365
362
952
555
937
41
774
812
304
13
750
122
143
478
743
873
802
674
509
928
345
371
219
38
13
715
145
819
165
77
62
4
556
972
417
230
278
85
573
680
675
541
865
486
25
980
247
91
614
88
442
629
541
89
980
710
485
401
792
653
778
680
390
430
861
494
660
407
883
265
825
798
439
551
438
732
417
388
804
463
649
102
622
332
541
188
805
458
992
955
754
985
203
172
912
497
310
490
341
644
214
893
134
150
833
934
178
835
622
861
414
442
612
874
678
246
407
909
320
42
717
355
681
159
336
519
715
974
954
611
97
967
149
120
717
132
295
644
382
905
539
810
702
923
903
971
453
400
483
618
570
908
786
736
889
287
557
913
107
42
168
268
750
108
934
974
523
852
241
924
95
610
894
347
268
692
505
242
753
265
12
150
907
529
854
267
253
137
376
593
682
750
955
187
258
866
15
437
994
404
506
703
559
892
315
793
10
310
540
882
730
256
507
126
71
76
300
176
129
910
572
807
309
518
437
182
247
855
647
558
249
477
54
322
734
767
445
75
907
232
509
407
35
546
582
129
257
235
805
821
33
824
338
55
814
897
516
793
831
270
673
510
332
871
147
701
324
503
710
142
37
330
746
371
2
558
755
926
875
293
539
644
221
510
426
257
184
408
285
396
493
571
333
24
499
548
769
630
489
380
583
605
504
908
711
180
561
137
559
275
418
576
901
683
893
638
671
908
653
815
481
859
77
551
360
611
882
136
315
45
722
311
377
702
514
840
147
830
39
651
384
748
265
34
271
933
329
627
787
24
256
999
115
177
668
513
685
695
947
666
172
540
457
343
156
914
295
163
22
775
76
199
337
824
513
18
449
239
770
647
376
50
841
88
179
317
893
570
130
122
582
138
709
65
221
884
350
757
338
935
403
481
926
865
337
927
152
892
155
70
822
609
232
105
966
200
491
84
512
968
564
64
625
203
908
335
332
746
825
896
627
361
321
509
282
255
724
830
282
122
150
216
91
617
969
946
281
657
15
858
796
853
316
66
984
288
104
152
870
671
265
37
578
86
376
536
804
20
405
397
437
996
414
200
545
147
549
465
313
71
110
496
471
992
18
123
850
308
319
12
629
812
985
340
712
589
259
577
452
191
567
153
945
124
922
663
165
620
784
896
934
856
280
394
46
622
81
764
538
318
130
705
803
751
938
698
132
264
808
473
166
430
428
829
682
594
469
26
514
242
184
13
656
153
32
968
303
334
180
131
821
781
698
294
990
301
344
42
857
808
620
581
172
32
644
470
190
175
712
724
397
358
861
31
325
453
124
827
793
876
915
3
607
596
831
270
537
914
302
894
845
597
813
261
95
679
931
839
99
464
414
822
262
43
234
65
11
373
644
461
424
907
289
998
954
832
806
516
778
620
536
100
268
706
459
12
159
815
861
176
120
893
568
86
325
467
355
132
998
630
677
314
715
404
554
520
490
410
513
454
662
267
708
401
424
650
637
802
36
735
730
488
696
241
761
423
344
394
981
633
837
154
458
652
728
614
435
70
663
552
9
192
25
381
366
86
845
200
762
207
20
249
408
239
519
189
353
245
924
680
952
296
600
906
512
466
280
297
828
909
5
741
153
561
661
295
103
218
710
980
656
442
432
421
64
273
534
922
752
498
431
434
709
273
869
130
316
517
712
503
578
524
239
233
559
340
177
922
727
222
884
731
499
312
94
349
212
352
231
981
584
969
41
64
57
80
826
637
114
97
867
601
889
816
702
205
367
213
42
112
353
870
460
26
721
422
395
595
478
921
947
665
956
744
883
792
978
368
760
293
960
212
381
479
259
780
283
416
748
162
595
933
248
52
300
880
539
659
212
106
254
119
575
701
797
945
353
34
286
475
839
763
940
649
500
691
794
473
44
721
976
386
101
376
997
255
909
376
732
45
869
475
443
913
383
431
372
155
474
45
202
576
620
250
471
